a,5,4,10068,21385.83
a,12,11,10195,38780
a,4,3,10204,449902.3
a,6,5,10280,484186.4
a,1,0,10302,116356.7
a,12,11,10355,48081.72
a,13,12,10494,23523.62
a,13,12,10505,19994.91
a,9,8,10509,27328.96
a,5,4,10806,210292
a,1,0,10806,2638682
a,1,0,11008,965928.9
a,5,4,11008,1344251
a,3,2,110989,2994.824
a,13,12,11209,26633.32
a,1,0,11210,8829340
a,13,12,11293,20818.91
a,9,8,11300,26067.57
a,3,2,115852,3670.945
a,13,12,11610,44797.01
a,9,8,11613,48795.83
a,13,12,11613,5231518
a,2,1,11659,199031.2
a,13,12,11684,24231.6
a,6,5,11687,520395.7
a,13,12,11813,55537.54
a,11,10,11857,139376.7
a,10,9,11939,307948.6
a,6,5,12082,515955.9
a,2,1,12299,188033.3
a,4,3,12673,162899.7
a,5,4,12939,20342.81
a,6,5,13007,2399204
a,11,10,13047,148636.7
a,5,4,13206,57023.19
a,9,8,13226,28153.21
a,1,0,13362,124592.1
a,5,4,13408,213735.2
a,1,0,13609,188126.1
a,1,0,13629,125325.3
a,5,4,13809,117400.6
a,5,4,14013,133163.4
a,10,9,14013,787092.3
a,9,8,14013,147811.9
a,4,3,14205,914028.4
a,5,4,14408,157056.6
a,10,9,14413,384890.3
a,9,8,14416,42860.29
a,1,0,14801,133534.9
a,4,3,14803,294609
a,12,11,14933,50409.57
a,13,12,14942,21096.57
a,4,3,15004,1883312
a,4,3,15240,151758.4
a,13,12,15319,32489.17
a,11,10,15405,703946.8
a,6,5,15407,675813.2
a,12,11,15416,62546.75
a,5,4,15561,23282.47
a,4,3,15803,191181.6
a,11,10,15808,330199.1
a,11,10,15860,161875.3
a,10,9,16209,2731064
a,1,0,16209,6433764
a,9,8,16347,25559.39
a,4,3,16360,167587.5
a,10,9,16565,408997.3
a,5,4,16612,56113.9
a,10,9,16816,1.367221E+07
a,10,9,16817,507610.4
a,10,9,17015,1398005
a,9,8,17212,108147.2
a,13,12,17219,4853056
a,13,12,17420,164823
a,5,4,17631,24746.02
a,11,10,17804,149807.9
a,12,11,18023,47432
a,2,1,18251,187112.6
a,12,11,18367,52899.05
a,12,11,18407,52160.59
a,5,4,18810,185395.7
a,4,3,19005,1148500
a,6,5,19009,594381.6
a,1,0,19012,8795544
a,10,9,19012,943437.3
a,1,0,19013,290018.7
a,10,9,19213,2946304
a,1,0,19213,2639075
a,1,0,19405,130805.9
a,5,4,19408,50721.95
a,9,8,19612,1040556
a,4,3,19804,219233.7
a,9,8,19817,27965.27
a,7,6,20015,3609.95
a,6,5,20406,1049393
a,7,6,20411,4540.23
a,1,0,20436,137891.6
a,7,6,20610,12631.93
a,6,5,20610,1220941
a,12,11,20807,107923.7
a,11,10,20807,2347901
a,6,5,20809,2504539
a,7,6,21014,6914.669
a,3,2,21014,5146.359
a,3,2,21200,2986.261
a,7,6,21401,2729.74
a,7,6,21402,27038.68
a,3,2,21417,3049.047
a,8,7,21608,1.964484E+07
a,3,2,21608,4950390
a,12,11,21799,60284.73
a,7,6,21805,64990.1
a,8,7,21808,163300.1
a,3,2,21808,24784.38
a,8,7,21809,1285877
a,3,2,21809,332897.7
a,3,2,21812,34161.5
a,7,6,21813,3156.558
a,10,9,21815,2.184843E+07
a,3,2,22004,61312.77
a,8,7,22007,296523.4
a,5,4,22009,176285.1
a,3,2,22012,843319
a,8,7,22012,2199102
a,7,6,22012,13416.93
a,8,7,22014,28995.96
a,7,6,22014,14935.14
a,11,10,22048,176649.2
a,7,6,22201,13621.36
a,8,7,22203,281087.8
a,3,2,22203,3901.463
a,5,4,22211,144679.6
a,8,7,22211,37187.55
a,3,2,22212,56538.02
a,8,7,22212,151525.2
a,2,1,22281,183837
a,3,2,22405,4934.775
a,8,7,22410,38197.18
a,3,2,22410,233452.8
a,1,0,22412,6264651
a,5,4,22415,53379.53
a,7,6,22415,3050.914
a,4,3,22606,269178.3
a,3,2,22607,305968.7
a,8,7,22607,32235.05
a,4,3,22608,5793799
a,3,2,22611,12359.96
a,8,7,22611,204220.7
a,1,0,22613,149112.3
a,8,7,22614,144527
a,2,1,22627,223613.7
a,10,9,22696,373506.7
a,3,2,22803,17525.56
a,3,2,22807,16268.61
a,2,1,22961,190908.8
a,7,6,23010,68541.16
a,12,11,23019,48681.03
a,7,6,23406,5724.265
a,7,6,23414,31990.78
a,3,2,23414,3238.954
a,8,7,23610,26425.54
a,6,5,23613,3552789
a,12,11,23809,325459.3
a,7,6,23809,6706.724
a,11,10,23812,218700.1
a,3,2,23812,12207.92
a,3,2,23817,5082.354
a,8,7,24011,316989.8
a,3,2,24011,113444
a,3,2,24013,3781.117
a,9,8,24016,30145.2
a,7,6,24016,15811.27
a,2,1,24016,252332.7
a,12,11,24199,103410.4
a,7,6,24205,6502.433
a,3,2,24211,4070.684
a,7,6,24213,6834.582
a,3,2,24407,13066.47
a,7,6,24412,5438.123
a,3,2,24412,2896.195
a,7,6,24483,3070.87
a,7,6,24601,38775.74
a,12,11,24602,45096.64
a,4,3,24604,4.703862E+07
a,4,3,24607,8201729
a,3,2,24608,50058.21
a,10,9,24618,9329468
a,3,2,24804,72540.12
a,4,3,24805,1959734
a,7,6,24808,7865.044
a,3,2,24810,57448.04
a,8,7,24810,628428.7
a,7,6,24815,14059.2
a,10,9,24820,2094804
a,12,11,24904,41719.74
a,7,6,25004,38808.43
a,8,7,25007,31877.2
a,3,2,25011,4997.482
a,8,7,25011,366721.2
a,10,9,25014,3328904
a,11,10,25127,184730.4
a,3,2,25206,34319.11
a,7,6,25209,7736.029
a,7,6,25211,96045.1
a,9,8,25211,197728.8
a,8,7,25213,587881.2
a,3,2,25213,168892.6
a,3,2,25407,16890.78
a,7,6,25408,31237.69
a,3,2,25410,36521.21
a,8,7,25410,1752994
a,7,6,25410,94240.53
a,3,2,25414,6568.996
a,8,7,25610,47528.42
a,5,4,25611,31015.13
a,7,6,25612,36606.7
a,7,6,25614,30467.13
a,7,6,25814,58338.57
a,7,6,25820,7417.073
a,6,5,26005,774465.6
a,12,11,26008,66744.76
a,11,10,26008,189691.8
a,6,5,26013,4908812
a,7,6,26014,4917.355
a,11,10,26209,3942438
a,12,11,26209,511236.2
a,7,6,26209,7007.731
a,8,7,26212,52206.04
a,3,2,26411,14853.15
a,6,5,26605,2613094
a,3,2,26612,31104.13
a,7,6,26613,3633.891
a,2,1,26812,247409.6
a,7,6,26812,3437.683
a,3,2,26814,4821.33
a,2,1,26819,779767.3
a,7,6,27001,19035.81
a,12,11,27201,509354.2
a,7,6,27208,4294.312
a,7,6,27215,7153.164
a,13,12,27394,26307.08
a,7,6,27404,64180.13
a,7,6,27412,4115.264
a,3,2,27606,18977.99
a,8,7,27807,40250.67
a,7,6,27810,5482.409
a,3,2,27810,3678.856
a,8,7,27810,112471.2
a,9,8,27811,41542.25
a,5,4,28009,2666944
a,3,2,28009,1775309
a,8,7,28009,336517.8
a,7,6,28014,6034.688
a,10,9,28018,3596782
a,2,1,28189,222572.5
a,7,6,28203,27303.21
a,5,4,28209,63593.02
a,3,2,28210,875035.4
a,8,7,28210,2375944
a,7,6,28214,4015.38
a,8,7,28220,21072.07
a,3,2,28411,39657.56
a,8,7,28411,106366.7
a,1,0,28412,1.579453E+07
a,10,9,28431,370305.9
a,3,2,28519,3669.996
a,1,0,28606,825305.4
a,1,0,28613,276992.9
a,8,7,28811,47285.39
a,2,1,28911,187325.5
a,7,6,29005,13655.83
a,8,7,29012,150175.7
a,7,6,29013,366164.2
a,6,5,29212,719622.6
a,7,6,29213,36862.22
a,11,10,29214,321546.1
a,3,2,29214,9635.863
a,1,0,29303,165584.5
a,7,6,29408,3629.529
a,11,10,29408,269588.4
a,12,11,29408,235344
a,8,7,29415,47787.88
a,3,2,29415,14357.8
a,7,6,29416,4490.136
a,6,5,29608,2844035
a,3,2,29610,3722.448
a,2,1,29615,916449.4
a,7,6,30011,12577.48
a,7,6,30200,12528.52
a,7,6,30406,7540.155
a,2,1,30412,403242.7
a,7,6,30414,62464.96
a,7,6,30603,140602.3
a,7,6,30614,6001.611
a,7,6,30804,15440.16
a,7,6,30810,112922.3
a,9,8,30810,1197161
a,3,2,30812,1685055
a,8,7,30812,3510028
a,7,6,31006,10577.15
a,9,8,31010,42531.64
a,7,6,31010,7149.135
a,7,6,31012,43035.32
a,8,7,31013,591879.1
a,3,2,31013,106367.3
a,7,6,31017,5451.51
a,3,2,31202,577948.9
a,8,7,31202,2666109
a,3,2,31208,243134.8
a,7,6,31213,5694.896
a,3,2,31215,1077547
a,8,7,31215,1.637877E+07
a,3,2,31403,38701.49
a,8,7,31403,206179
a,7,6,31407,14338.63
a,3,2,31408,16299.67
a,8,7,31409,436916.5
a,3,2,31412,32404.24
a,7,6,31413,51875.5
a,8,7,31416,1086341
a,3,2,31416,78571.11
a,6,5,31604,2337728
a,12,11,31607,59356.34
a,8,7,31609,27477.16
a,5,4,31611,688672.3
a,6,5,31612,2922603
a,3,2,31614,5240.746
a,8,7,31614,29871.34
a,11,10,31808,1.121979E+07
a,12,11,31808,3099303
a,7,6,31809,3579.256
a,7,6,31816,25073.74
a,8,7,31816,65796.45
a,7,6,31818,4356.309
a,6,5,32008,1.023766E+07
a,12,11,32009,98086.39
a,11,10,32009,359789.1
a,7,6,32010,11222.54
a,8,7,32010,34053.75
a,2,1,32146,223538.1
a,3,2,32211,19490.16
a,12,11,32402,43840.25
a,7,6,32411,3443.891
a,2,1,32597,193678.1
a,7,6,32600,3412.938
a,12,11,32604,1035541
a,7,6,32607,6108.062
a,3,2,32610,4703.825
a,4,3,32611,320234.9
a,12,11,32805,116289.8
a,4,3,33014,3.466354E+07
a,7,6,33014,27573.67
a,2,1,33014,862899.9
a,9,8,33014,42706.26
a,7,6,33210,4170.651
a,7,6,33215,3332.132
a,4,3,33215,2569361
a,2,1,33215,329340.7
a,10,9,33396,396720.3
a,2,1,33403,193838.5
a,7,6,33411,4864.985
a,3,2,33414,20168.69
a,7,6,33417,13336.47
a,2,1,33417,213311.6
a,7,6,33611,5947.406
a,7,6,33802,37165.53
a,7,6,33813,19684.02
a,7,6,34009,4600.143
a,3,2,34011,25714.82
a,8,7,34011,28182.39
a,3,2,34014,3255.979
a,10,9,34018,3.448763E+07
a,7,6,34216,14502.9
a,10,9,34219,955343.7
a,6,5,34407,5403523
a,8,7,34410,191720.8
a,9,8,34412,29974.02
a,7,6,34412,112391.3
a,7,6,34414,5769.174
a,8,7,34415,212659.4
a,8,7,34611,4259028
a,7,6,34612,73262.28
a,8,7,34616,261578.1
a,11,10,34806,366203.7
a,8,7,34812,493340.6
a,7,6,34813,51144.97
a,8,7,34818,42861.08
a,11,10,35007,1232567
a,7,6,35015,37421.2
a,7,6,35216,4088.476
a,3,2,35216,11604.65
a,13,12,35289,36045.64
a,7,6,35413,3531.338
a,7,6,35610,7893.092
a,3,2,35612,67763.52
a,13,12,35613,35861.77
a,7,6,35615,6962.003
a,7,6,35799,13864.13
a,7,6,35811,3935.337
a,13,12,35814,39275.07
a,7,6,35817,21093.09
a,7,6,36013,85541.49
a,2,1,36016,1251256
a,3,2,36197,3131.808
a,7,6,36202,19913.87
a,7,6,36213,23229.35
a,2,1,36217,892934.1
a,7,6,36605,5713.221
a,7,6,36611,6115.82
a,7,6,36616,31768.81
a,7,6,36735,3031.077
a,7,6,36810,57030.94
a,3,2,36815,33802.13
a,7,6,37001,4094.144
a,3,2,37011,10589.94
a,7,6,37012,96913.63
a,6,5,37203,1095778
a,9,8,37204,156668.8
a,7,6,37213,16229.37
a,13,12,37284,27526.18
a,7,6,37407,6452.188
a,8,7,37414,29474.04
a,7,6,37415,97476.38
a,6,5,37607,829452.8
a,7,6,37615,16052.18
a,7,6,37803,3145.824
a,7,6,37814,4731.471
a,11,10,38001,207126.1
a,12,11,38001,64427.33
a,12,11,38203,5401397
a,11,10,38206,1.303905E+07
a,11,10,38213,4741841
a,12,11,38404,2485519
a,11,10,38407,406204.7
a,11,10,38414,343300.3
a,2,1,38416,178247.5
a,12,11,38605,59191.43
a,7,6,38613,11535.47
a,9,8,38814,31220.37
a,2,1,38819,2391209
a,2,1,38900,195938.2
a,7,6,39016,69191.88
a,2,1,39020,1042186
a,7,6,39210,3766.308
a,7,6,39217,3875.102
a,2,1,39222,438507.6
a,7,6,39400,7608.415
a,9,8,39412,57437.92
a,7,6,39412,35405.85
a,2,1,39423,242331.3
a,12,11,39436,53423.57
a,7,6,39615,23343.39
a,3,2,39812,5016.802
a,7,6,39815,37700.62
a,7,6,40009,5487.824
a,3,2,40013,3855.748
a,6,5,40014,1043425
a,7,6,40211,1962224
a,8,7,40215,185038.3
a,3,2,40215,191698.7
a,9,8,40403,174689.8
a,7,6,40411,279740.2
a,3,2,40416,28464.79
a,3,2,40614,16721.64
a,7,6,40614,12982.67
a,3,2,40618,3613.378
a,7,6,41013,6033.571
a,11,10,41402,2791389
a,11,10,41412,245573.4
a,7,6,41416,27003.62
a,2,1,41418,239079.7
a,7,6,41612,40716.03
a,7,6,41616,5274.216
a,2,1,41622,1225317
a,7,6,41812,26374.42
a,2,1,41824,825565.2
a,7,6,42013,18315.36
a,13,12,42209,67905.88
a,7,6,42209,4730.062
a,7,6,42215,239357.8
a,7,6,42409,128582.9
a,3,2,42414,317246.1
a,7,6,42415,33239.38
a,7,6,42611,503204.2
a,3,2,42614,55460.54
a,6,5,42802,1194420
a,9,8,42803,155117.7
a,13,12,42808,438881.2
a,7,6,42811,79679.66
a,6,5,43004,1220270
a,3,2,43011,18657.7
a,8,7,43011,27255.73
a,7,6,43013,3798.994
a,6,5,43206,891106.2
a,6,5,43213,1324797
a,6,5,43363,560010.8
a,7,6,43402,6314.203
a,8,7,43604,265152.3
a,7,6,43611,12417.94
a,7,6,43812,6999.282
a,7,6,44006,3462.721
a,7,6,44208,4496.389
a,7,6,44211,33688.74
a,2,1,44221,498809.6
a,7,6,44413,6248.696
a,2,1,44423,1098996
a,11,10,44607,280605.6
a,11,10,44611,5499401
a,7,6,44615,85519.86
a,2,1,44624,5296213
a,11,10,44629,198680.9
a,7,6,44809,4816.843
a,11,10,44812,311000.9
a,7,6,44816,15825.98
a,2,1,44826,1152088
a,9,8,45011,45860.26
a,7,6,45011,26237.14
a,7,6,45018,11395.08
a,7,6,45213,14266.88
a,7,6,45407,30321.03
a,7,6,45414,74087.48
a,7,6,45615,7151.645
a,9,8,45623,31998.92
a,7,6,45810,50788.66
a,3,2,45814,35271.21
a,8,7,45814,212488
a,7,6,45817,4915.575
a,4,3,45909,260407.5
a,9,8,46002,64594.97
a,8,7,46016,810753.1
a,3,2,46016,132724.9
a,7,6,46212,7703.168
a,8,7,46216,107437
a,3,2,46216,19493.84
a,6,5,46606,2593338
a,7,6,46612,15659.04
a,3,2,46763,3591.173
a,6,5,46808,8330491
a,7,6,46813,6542.438
a,12,11,46814,1.275411E+07
a,12,11,47014,948452.1
a,7,6,47015,93521.61
a,7,6,47209,4043.67
a,7,6,47215,15371.27
a,7,6,47410,50620.23
a,7,6,47418,7307.753
a,2,1,47427,5933035
a,7,6,47612,25089.31
a,2,1,47629,7113061
a,11,10,47807,1421152
a,7,6,47814,293028.3
a,13,12,47815,209830.9
a,2,1,47830,8525615
a,4,3,47872,192581.3
a,7,6,48008,94043.8
a,7,6,48014,51833.73
a,2,1,48031,435879.2
a,7,6,48209,57728.65
a,7,6,48217,12751
a,2,1,48221,291217
a,7,6,48411,108489.4
a,7,6,48612,18633.98
a,6,5,48812,5893001
a,7,6,49012,3809.132
a,8,7,49020,395457.4
a,3,2,49020,46692.74
a,13,12,49202,456598.4
a,8,7,49221,45024.62
a,7,6,49415,15435.93
a,7,6,49810,29094.93
a,7,6,49818,4156.66
a,7,6,50012,16971.53
a,7,6,50214,121893
a,2,1,50230,365772
a,7,6,50408,73250.63
a,7,6,50414,17002.91
a,2,1,50432,2745217
a,7,6,50609,37364.79
a,7,6,50617,7033.493
a,2,1,50634,6389041
a,7,6,50811,175540.8
a,2,1,50834,890422.5
a,7,6,51005,61806.8
a,7,6,51012,95221.21
a,7,6,51207,11349.63
a,7,6,51214,5669.066
a,7,6,51408,58905.28
a,7,6,51416,67089.52
a,9,8,51601,30463.99
a,7,6,51610,176010.9
a,7,6,51616,12551.51
a,7,6,51811,48698.74
a,9,8,52004,485629.2
a,9,8,52205,56732.84
a,7,6,52211,23049.87
a,13,12,52375,32444.61
a,7,6,52412,13645.42
a,6,5,52414,9.985506E+07
a,7,6,52614,107383.5
a,6,5,52614,8594716
a,7,6,52808,15981.88
a,7,6,52814,13773.25
a,6,5,52815,693457.5
a,7,6,53010,40335.54
a,7,6,53016,12412.02
a,11,10,53207,1638924
a,7,6,53211,56906.5
a,12,11,53219,2244777
a,7,6,53406,5665.906
a,11,10,53409,1786988
a,7,6,53413,168288.5
a,12,11,53419,112996.7
a,7,6,53607,919351.8
a,11,10,53610,193087.8
a,7,6,53808,153254.6
a,7,6,53816,18855.23
a,12,11,53946,51505.93
a,7,6,54010,70366.44
a,7,6,54211,32937.2
a,7,6,54615,33871.09
a,13,12,54809,52379.21
a,9,8,55009,298725.3
a,7,6,55014,11920.21
a,9,8,55203,41737.54
a,7,6,55409,14881.3
a,7,6,55611,16609.64
a,7,6,55813,245673.2
a,7,6,56013,53051.52
a,7,6,56209,21458.49
a,7,6,56216,16930.75
a,7,6,56409,5236.988
a,7,6,56612,944341.2
a,11,10,56809,6348085
a,7,6,56812,184203.1
a,11,10,57010,748367.7
a,7,6,57015,78156.37
a,9,8,57200,60712.03
a,7,6,57209,59060.94
a,7,6,57216,17010.67
a,7,6,57410,7277.918
a,9,8,57603,153703.7
a,7,6,57809,28622.01
a,7,6,58011,14166.85
a,9,8,58208,38561.77
a,7,6,58213,64667.29
a,7,6,58407,33752.21
a,7,6,58413,14292.37
a,7,6,58608,12870.28
a,7,6,58616,18461.63
a,2,1,58757,205817.2
a,7,6,58810,102222.8
a,7,6,59011,37112.04
a,7,6,59420,72468.42
a,7,6,59620,18255.98
a,11,10,59814,1705692
a,2,1,60032,246141.8
a,9,8,60205,137894.8
a,7,6,60214,266785.1
a,7,6,60414,62404.81
a,9,8,60608,511931.2
a,9,8,60809,42910.87
a,7,6,61008,4303.251
a,7,6,61210,6419.36
a,7,6,61222,6752.028
a,7,6,61412,118806.7
a,7,6,61613,39838.19
a,7,6,61814,23226.78
a,9,8,62000,32918.44
a,7,6,62009,14305.69
a,7,6,62015,4886.548
a,7,6,62211,4404.663
a,9,8,62403,44396.47
a,7,6,62424,43301.14
a,7,6,62625,5593.285
a,2,1,62634,433910.6
a,3,2,62809,2944.361
a,7,6,63017,4317.369
a,2,1,63037,3128822
a,11,10,63215,3489578
a,2,1,63238,248328.5
a,7,6,63409,18606.56
a,11,10,63415,249863.2
a,7,6,63609,4607.312
a,7,6,63811,37982.65
a,13,12,63820,570578.9
a,7,6,64006,26999.85
a,7,6,64012,10992.2
a,13,12,64021,102806.9
a,7,6,64207,24233.32
a,7,6,64409,271346.7
a,3,2,64561,2824.48
a,7,6,64610,65983.93
a,7,6,65014,4392.343
a,2,1,65233,385992.1
a,2,1,65840,354247
a,7,6,67011,74089.9
a,7,6,67211,17708.82
a,7,6,67414,100625.8
a,7,6,67608,6931.986
a,7,6,67614,20488.06
a,2,1,68439,2608877
a,2,1,68640,291779.9
a,2,1,68842,316060.3
a,7,6,69605,6063.725
a,7,6,70008,985438.8
a,7,6,70209,215079
a,7,6,70613,16726.58
a,9,8,71007,122637.3
a,4,3,71627,2600962
a,2,1,71645,9623328
a,4,3,71828,766030.9
a,2,1,71847,6926035
a,2,1,72048,1240976
a,7,6,72211,6130.703
a,7,6,72610,22826.88
a,7,6,73013,130650.5
a,7,6,73214,21441.33
a,9,8,73601,109366.9
a,3,2,73888,2961.116
a,9,8,74206,244642.5
a,3,2,74211,2853.242
a,2,1,74852,9535404
a,2,1,74861,461642.9
a,7,6,75013,4696.357
a,2,1,75052,2574975
a,7,6,75216,38320.15
a,4,3,75229,3295125
a,7,6,75416,4204.942
a,4,3,75430,770027.1
a,7,6,76212,4389.758
a,9,8,76606,122611.9
a,9,8,77809,62354.59
a,9,8,79805,63235.04
a,9,8,86011,27986.35
a,9,8,88817,919223.7
a,9,8,89017,174735.4
a,9,8,92419,94698.68
a,3,2,96405,3417.256
a,3,2,98236,2936.813
a,9,8,99080,31906.1
